"data"
-0.834490484323735
0.243812255512218
-0.163978684823363
-0.345742988756503
0.855290009014562
-2.11108599398089
1.3810909738757
0.586460981036588
1.18382527907811
-0.537927204396801
-0.178071585649859
-0.212001312498433
0.158523278689221
0.442260923342286
0.489287857566457
-0.0787707989547865
1.51740496830176
-0.97243316201156
-0.289170779449839
-0.726581201648702
-1.06694259286721
0.0103672463168553
0.579529972199534
0.082111995577733
0.230815300081341
0.610865507453158
-0.910133962115572
-0.209535415082803
-0.426382798855731
0.496752837138551
-0.326261301417852
-0.886402155118003
-0.651782685089432
-1.0336139803931
-0.0271962857415675
-0.969177060239672
0.102311655937179
0.187481355481541
-0.217423898295409
0.814757227736384
-0.458467600678084
-0.326450777122362
0.880829507084724
-0.121670302835217
-0.688986615060096
0.37789985948314
0.372310664885555
-0.417824053540845
-0.0436729349447299
-0.699716640554544
-0.0103071768474382
0.870556923661294
-0.855127374942747
0.481714393190502
1.24240209197719
0.231054835344348
0.292275087980536
0.854235375556503
0.169475263045601
0.924228431760501
0.290069482250464
0.81704344950637
0.185953419512285
0.363531753065487
0.44689038097205
-0.293950953298287
1.32583189563562
0.2377608694125
-0.206956396807376
0.585707118338552
-0.601260890023981
0.0491187738017772
0.802054994955039
0.970138182741375
0.284761838496176
0.778405550796336
0.595421459030927
-0.745680682923676
-0.802443564781352
-2.02086582409277
0.397674714815173
-0.791614426901887
0.151637758135241
-0.614196556975718
-1.45832305518967
0.63394082748755
-1.49930326452059
-1.157636084113
0.395299093635999
-0.377039994502681
0.454707953590914
-0.65544330342427
1.01786388659759
-0.0918052794520738
0.508252028353139
-0.158318639964432
0.588428791816471
1.07767559194609
0.126199704056067
0.149854426057629
0.680063961104913
0.222117777165579
1.57270344657295
-0.107942868026997
-0.951977023709147
-0.572125196051453
-0.133662761272891
0.0684560197747546
0.363355763469009
-1.16695595561594
-0.180906612961155
-0.463135382229045
0.0124424835011688
-0.887720030006981
0.829832858560788
-0.29257402039834
-0.0836357687897384
-0.789244693275427
0.560260231266711
-2.31153680900517
-1.50725557720509
0.383522149435647
0.689631794799058
-1.43437075233729
0.765664291869637
0.0345004808925001
0.77925226978649
-2.00132400358306
0.0228962810063316
0.207501512889201
-0.61311539872752
-0.15622702516035
0.148806060811986
-0.523888837369322
0.018186950506919
-0.546867657925531
0.332764154816822
-1.40533559696731
-1.10772462629611
-0.028939716751836
-0.417779009526275
-0.0729285107456345
-0.156202495283174
0.0737023263436211
0.283201037595467
1.07404641668118
-0.21543508854891
-0.401499491955133
-0.190889761320711
0.66382867933105
-0.170377585904186
0.0780715655736566
0.134745753747455
0.0954261514066126
0.265116971789853
-0.366953818493215
-1.65470558410653
0.0472977296301742
-0.620161672336125
-0.330317371510158
-0.13306395248026
0.541064931597157
-0.421025422148129
-0.112083520941748
-1.32388761689709
0.282720994104472
0.477038639506607
-1.2211448187133
-0.0175133337908749
-0.62314567769393
0.569363668003437
-0.345425501327452
0.35903216290564
0.292619840361816
-0.983867108110525
0.781835305013641
0.807096041903621
0.709949222022736
-0.601723700778194
-0.565403136237413
1.19456586780777
-0.438811758944574
-0.825706291319656
-0.232891363402326
-1.19578026053482
0.313980861775878
-0.376408385586773
0.0763645129271748
-0.102331932930965
-0.611433816738169
1.14162740634322
-0.0601967744686578
0.0417762199943727
-0.174907494906702
-0.716882099815453
1.44735524560685
0.0510673557909222
0.329309451356564
-1.14797311957084
-0.648933868537818
0.470103758866797
-0.066340096412743
0.361537914493618
-0.593402207847325
-0.0798012267954665
-0.0567567489661714
0.0883791864708735
0.00360894882098028
-1.12145068423604
0.391178716276008
-0.646927437274383
0.949448558670672
-1.11254454232297
0.533650283624363
-0.477571399774585
0.16187101172869
-0.997603042704077
-0.903408291503465
0.575673035415872
0.445634492839355
-0.0558533510622222
-0.558257174049569
0.150449092631962
-0.328240478904505
-1.38647984274747
-0.716223285879337
-0.12642449744288
-0.270404731182895
0.93494772750927
0.485226009163633
-0.0411805903594305
0.537337294650102
-0.154272770056089
0.376558816435307
0.444012115660879
-0.190484344031684
-0.316112338688597
-0.498788188205097
0.698564831820098
-0.0710206928869231
0.103485692730805
0.935485743753954
-0.661415476354077
-0.00608894230465332
0.155487945529404
-0.370774597328231
-0.621785821149697
0.894609599575008
-0.538451640415394
0.432777458112476
0.63879023032586
-0.362267281170281
0.129989431567449
0.543922503277066
-1.00470263658987
-0.179104566223838
-0.355212037985971
-0.604782191436113
0.41520380863213
0.525410383363779
1.64316720155157
-0.676673728555441
0.823897316925616
0.126055359958014
0.355362281165652
0.511087184098352
0.281624169328496
0.915723956328714
0.176349595456573
-0.444778134689979
-0.458752168019746
-0.245666666529742
-1.45001716941718
-0.0303772297405648
0.456234069819259
0.869533595987063
-1.79921959922135
0.819464016959691
0.223752248235414
-0.206931388491022
-0.0387634449466013
-1.79553780566095
-0.89697842278832
1.15647828935789
0.15312574420976
0.304806455409255
-0.644738828165699
0.747535341251517
0.625300069376742
0.728077693159086
0.976129472166154
-0.217974295708294
0.63500853013661
0.878806203553284
-0.0849763247911424
-0.720979893825772
-0.84233466342113
0.599376918642172
-1.40585929911541
-0.113620861607261
-0.501387859602322
1.26854770458609
-0.0502361212181267
-0.632425716641282
-2.08279062855238
-1.08911001746835
0.529790060189164
-1.30176405438823
-0.787436635642617
0.961877365385561
0.546049845375669
-0.708927414340496
-0.284778492290405
-0.49200798361875
-0.0669037737387496
0.0688358167269185
0.717179247878399
0.0869352761550374
0.562191806900836
-0.195519404691765
0.00785934500754318
0.925890375521116
-0.545215766652414
-2.1437907924541
1.08051598615162
0.423727125313317
0.0388403002695863
-1.16439816427124
0.718894512575128
0.408112535599647
-1.33098641197311
-1.12725829670156
0.0757205795941745
-0.476280808681874
-0.659260214582817
0.0179320026870625
-0.108402073671023
-0.0996454531169795
-0.697829275681549
-0.28650905091341
-0.975619099168868
1.61540761539668
-1.04285306915197
-0.42321523620895
-0.221286787576837
0.541051904380025
0.628023066121102
-0.249651647947405
-0.20909783152048
-0.728020115603219
1.04068019774629
-0.455233794941891
-0.641585479146365
0.801326099690341
1.09321067087413
-0.492361782111547
0.325055574529029
-0.499790646531416
-0.399264716974456
-0.200114452801208
0.138712553249836
-0.64836479631729
0.847981526507762
-0.54658693592227
-0.10051684666559
0.710197329371717
0.213664438277588
0.799486983781851
-0.326396416410368
-0.280701741473276
0.753853665436304
0.0329062482748373
-1.82706319759242
-0.682470040173938
-1.53292262265604
-0.0905003727290609
-0.313157771029013
-0.250788652983932
-0.235285983218213
-2.60037325748884
0.248322831188218
0.314932275004374
-0.618553371849276
0.767039611806914
0.54735728217577
-0.491039662548488
0.196931654589582
0.703991195326826
0.172654203358103
-0.18561248639661
-0.625028541979872
1.20883307520012
1.08341055970818
-0.420747544539914
1.11365477524804
-0.0172283796187002
0.536168245082858
-0.729616723737289
-0.694438039634779
0.199514645525865
-0.492903718635166
0.895674137588755
-2.29054339639033
-0.57825282145655
0.523188340040185
1.31728930680294
0.852852150173552
0.133824592823695
0.528184722923869
1.16251992170014
-0.569292794043061
0.325328055272879
0.0863799096654832
0.249225386412727
-1.89970094613842
-0.556335641314036
-0.00655014766351125
1.47467174417537
-0.31731456536407
-0.555522906753256
-0.888215952429421
-0.208422575306729
0.998225924970187
-1.21158314213322
-0.938190235503096
-0.634210193067019
0.20669662987979
0.0337001255539227
0.350127663721704
0.259995671545649
0.722027963738527
0.440022545484899
0.386148600353138
0.577537456386894
-0.950135836841863
0.415710282243756
-1.28211779053625
0.406026255354472
-0.621513229256257
-0.0861688271341737
0.530737381485864
-0.514618372799882
0.0635712472453283
0.463940629261519
0.118364364756153
0.038004574336958
0.599204746262193
0.910049075771167
0.511599205265134
-0.161455881433672
-1.91528599866307
-0.246255407793552
0.614214206251844
-0.0393848291506589
0.0994435497616312
0.302156250676037
-0.320207881435946
0.59569504443197
0.331271845016796
0.450330281717305
0.903723418014834
0.435147899187243
-0.0253041203137161
0.441875467483577
0.517318446121903
0.339458942268142
-0.296656014812303
0.395064530796177
-0.358755169600877
-0.284277744255303
-2.21884244794699
-0.129164511475089
-0.680390809308409
-0.40179265938864
-0.353227051162891
-0.278178372046877
-0.224692516625637
0.925362890586546
0.330698130958519
0.711232640633209
0.459456116108163
-0.370590284557614
-0.369639333419948
-0.740065601599797
0.124717871602737
0.0157254199175229
0.808315978176554
-0.449734038527643
-0.195499340629165
-0.149688554585917
0.122499294435506
0.625386139352043
-0.0448834562118676
0.0160566293746085
-1.25366716992019
-0.699443926274786
-0.587580351925784
-0.307662448975432
-0.459331741230156
0.0637242802409389
